175.93842 -5.873002 17.275
181.37207 -5.848084 11.558
172.71042 -4.507613 15.516
169.11714 -3.975440 14.887
183.79384 -3.495612 12.358
169.63287 -1.774130 15.319
174.04414 -0.840699 11.858
168.18790 0.348009 8.814
174.96031 0.603575 12.806
174.96031 0.603575 12.806
171.51517 1.230738 12.428
177.14003 1.483144 17.292
176.99219 1.510249 16.907
167.17129 1.577513 11.771
178.05702 2.594245 15.547
169.48282 2.619070 14.928
169.21497 3.363874 14.956
95.24745 26.125380 14.800
104.26603 18.626740 14.800
95.18309 24.904341 11.000
93.57181 18.627020 10.200
99.51074 20.939310 11.200
96.59956 27.945601 10.300
94.44968 25.602570 12.300
97.00563 16.388849 12.400
95.64130 14.741770 11.600
103.05227 25.339090 10.600
98.27432 16.870239 14.800
100.46312 27.097200 11.500
102.20130 17.161909 12.400
100.84807 27.252291 10.900
247.42606 -29.201727 15.112
243.84210 -28.780161 12.362
249.16002 -28.239061 12.577
245.54779 -28.161823 11.829
246.81116 -27.957048 12.303
252.86185 -25.053404 11.106
246.61142 -24.969948 15.037
252.42271 -24.373808 11.160
243.82448 -24.319227 12.080
240.75673 -22.131222 14.080
247.94693 -21.523508 12.292
252.42609 -19.542822 12.005
248.39928 -19.479185 15.605
241.52763 -17.417355 10.919
247.33893 -15.646748 12.514
333.75192 -17.250708 13.087
333.92490 -16.563540 12.410
339.72662 -14.925673 15.262
332.47626 -13.777700 13.008
333.29477 -11.177358 9.225
338.36838 -9.022769 10.581
335.57791 -4.206278 11.561
102.68867 16.808443 15.519
99.55442 18.227169 16.099
91.10828 22.499475 13.371
96.91009 23.340759 15.738
93.91807 24.366735 16.326
60.09236 12.633847 12.439
62.60368 13.217711 12.752
65.62329 17.037874 17.887
55.71684 17.101500 12.587
66.23622 18.827417 13.691
52.34196 22.299404 13.171
62.75402 22.325340 12.613
62.67065 24.402042 12.914
59.07908 24.660879 13.124
59.64717 25.388590 11.832
128.09869 10.677239 12.406
127.76283 10.847586 12.409
130.83678 11.248120 17.492
126.48829 11.511145 12.102
128.06714 11.630727 14.424
128.91489 11.843622 17.303
129.30231 11.915721 11.504
127.88296 11.922265 14.286
128.85268 12.011650 9.438
135.06143 14.237560 14.330
125.22388 16.090946 13.640
130.00941 16.372406 12.150
123.38187 16.419609 12.160
132.88478 17.319834 12.443
126.97297 17.560143 15.682
126.93672 17.579397 12.935
129.36275 18.976685 15.498
129.77705 19.010023 13.131
130.02678 19.092878 15.031
129.17845 19.173813 14.156
123.89782 19.914862 14.439
126.20492 20.152994 7.218
131.20760 20.177694 18.219
127.57877 22.235909 11.441
126.02356 22.783291 12.902
128.16954 23.032000 14.700
203.75810 -17.503550 11.738
203.62849 -14.271621 12.483
207.07838 -11.588979 14.733
205.90140 -11.223570 13.928
204.44008 -11.192574 12.835
205.23706 -11.009296 13.047
204.81576 -10.906977 12.629
205.85815 -10.896922 11.689
200.29056 -9.949168 13.259
199.57814 -9.691857 12.471
210.27303 -9.540112 12.641
201.65520 -8.317560 12.193
207.65587 -6.804004 13.009
208.15465 -6.769382 16.825
207.38203 -6.324099 14.965
290.56113 -28.117920 13.727
286.85156 -27.792179 14.971
281.11575 -25.753733 14.012
289.41147 -24.935858 14.891
294.48023 -24.384943 13.786
291.40164 -23.260845 12.093
291.47870 -23.202793 14.300
293.61606 -23.052948 12.326
289.40076 -22.389927 13.737
284.98538 -22.293402 12.749
289.43912 -20.654375 15.293
290.81012 -20.166346 13.095
289.20239 -19.355907 12.700
282.77783 -19.284481 12.890
285.46881 -18.467922 12.396
285.47717 -18.298365 11.334
289.39182 -16.871611 12.336
287.51086 -16.793495 12.847
19.46202 0.341995 14.376
10.74257 1.742699 13.721
19.55054 2.702824 10.934
16.68823 3.407350 15.929
8.69718 4.657757 12.835
12.23612 5.416503 13.923
23.30440 5.645308 15.976
19.60990 6.816871 13.539
19.44929 6.868895 13.514
16.22735 7.269234 14.763
14.74452 7.719333 8.837
12.39756 10.020078 10.839
15.04085 12.216743 11.509
188.13734 -9.607640 12.483
182.16640 -8.747175 11.651
188.14023 -0.672956 12.735
