296.23511 39.370338 15.062    4282872
291.93616 49.253979 15.506   11403044
294.79974 46.207569 15.361    9595686
290.11270 48.577782 15.825   11026304
299.46524 40.891090 13.308    5651829
288.79553 47.203651 15.268   10200627
296.40686 51.358150 14.313   12470954
288.75494 39.563648 14.411    4454752
298.55084 48.332451 14.924   10937029
281.96063 43.703110 15.425    7938496
297.31598 46.023258 15.471    9480189
297.20154 41.730209 14.762    6383785
296.83838 46.626400 14.749    9844088
290.73517 44.091320 14.633    8162789
281.97125 43.672771 12.082    7869917
286.48227 46.692451 15.954    9820483
295.82870 43.425491 14.915    7765528
287.90610 46.937771 15.063   10002866
286.63840 39.487881 10.734    4349452
297.21216 43.643719 14.130    7908367
297.70935 48.080853 9.174   10748390
295.45529 50.494560 15.080   12020329
285.16748 43.876339 15.750    8013419
298.07944 44.746319 13.549    8644288
292.57986 37.376411 15.669    1873513
294.20145 44.639839 13.104    8566113
292.23676 41.085880 15.855    5792202
294.43350 38.355450 14.696    3247268
290.15634 48.818989 15.625   11187436
288.03830 50.651611 13.687   12105051
281.45718 46.746471 13.884    9872283
294.23764 45.197105 16.406    8892303
290.39618 41.040081 13.594    5786676
292.37476 37.630959 14.000    2307199
290.09805 50.321609 15.312   11960862
299.18686 41.742680 15.287    6392727
297.21216 43.643719 14.130    7908367
288.16251 48.165150 14.026   10788461
294.48990 39.771439 15.670    4664847
290.63651 38.707668 14.747    3642741
283.25549 48.355232 13.770   10905239
291.11188 39.949108 14.247    4833421
289.22617 49.548199 11.582   11554435
297.58313 41.952431 15.767    6543893
285.36517 49.201561 15.527   11391755
287.69119 47.546902 14.418   10395543
290.76587 38.927959 14.720    3847907
294.55789 40.850498 14.624    5629353
292.26181 41.442554 13.783    6124941
294.61252 47.343262 14.972   10281221
286.49042 38.374908 14.604    3218908
298.07944 44.746319 13.549    8644288
297.73639 49.637150 13.807   11624249
295.97516 38.946640 14.507    3869014
290.78574 50.054119 15.523   11812062
288.63785 46.421471 14.711    9703198
287.57062 43.531738 14.596    7811211
293.49661 41.137589 15.270    5881688
291.45227 44.431751 13.952    8429817
296.13980 41.603180 14.858    6300348
285.93069 39.098141 14.622    3937519
297.94922 40.530708 14.113    5386904
281.29028 43.413342 13.831    7730747
295.53613 43.884449 15.813    8039892
299.19171 45.343540 14.321    9047416
297.35928 49.797550 13.427   11673802
289.73972 44.647419 11.665    8554498
296.57153 50.677849 15.703   12120943
286.05280 50.256592 15.303   11904734
286.50876 41.922741 15.432    6507433
297.62299 42.098820 14.121    6628926
283.25760 40.990501 14.288    5683743
290.93671 40.124920 14.103    5008245
294.65524 39.308361 15.725    4275191
289.11221 51.737381 15.140   12644822
296.08185 39.161621 15.572    4076098
286.49042 38.374908 14.604    3218908
284.26859 44.197540 15.073    8216763
291.28195 38.241669 15.657    3115833
293.66928 47.906689 13.543   10670112
297.21408 41.664040 14.153    6305192
295.49667 42.537891 14.518    7046804
298.31674 40.996101 15.280    5731623
301.56284 44.240391 13.775    8332521
288.61057 40.924740 15.411    5695615
293.87811 41.661770 15.305    6291653
282.00031 48.542221 9.275   11013201
289.60382 46.314949 15.570    9643874
292.06830 38.842270 15.715    3749365
297.64606 47.167488 13.592   10158418
282.69952 43.272739 15.261    7585481
299.31610 40.822380 15.028    5651104
295.09500 43.537579 15.014    7832356
287.13058 42.350151 14.014    6849046
293.36285 39.212448 15.950    4164994
298.62488 48.577450 14.256   11046458
290.44928 39.854801 13.398    4742414
301.21725 44.133430 16.984    8265520
299.78632 44.169540 15.623    8260218
295.90891 42.988209 14.406    7377343
285.55481 45.578861 15.649    9141746
293.87192 38.422939 15.001    3351888
298.29404 41.683800 14.022    6309763
287.70883 47.333050 12.128   10264660
292.95416 41.934799 15.357    6525946
294.51324 45.981640 14.465    9410930
290.35803 40.567741 14.741    5357901
282.15491 42.234547 13.826    6752502
296.51059 42.547440 13.143    7051180
289.60797 44.345421 13.938    8359498
291.13760 36.577381 15.264     757450
284.83047 44.658138 15.198    8544996
298.63565 44.170940 15.113    8255887
292.87289 41.064270 15.979    5794240
291.28500 40.730049 15.855    5531953
296.20059 49.140121 13.758   11359879
299.09753 43.497589 13.797    7778437
295.37476 43.500431 13.019    7833305
290.54855 38.495281 14.438    3338885
293.25916 42.126629 14.980    6696462
295.28723 41.221958 14.991    5972334
295.30753 38.881641 14.996    3762468
283.25354 40.358189 16.422    5164255
288.49091 46.804989 15.069    9944201
289.80908 40.615841 14.377    5441980
293.58636 42.928909 14.517    7368664
285.21381 39.027481 15.530    3935914
289.43463 49.473400 14.835   11502867
290.58173 40.577400 15.224    5358624
299.90591 45.439678 14.995    9115800
298.51370 40.639622 14.456    5475431
296.64230 47.230331 15.356   10221013
296.68307 42.967869 15.766    7380537
291.27563 47.329491 15.439   10272640
285.24084 46.668251 13.958    9818381
292.16705 48.727589 15.263   11138155
297.01547 49.225288 15.052   11414511
292.95416 41.934799 15.357    6525946
300.10236 45.762138 14.678    9305831
293.83688 40.410450 15.169    5282049
282.62967 46.323360 13.435    9631995
292.85574 46.391178 14.290    9651668
285.97180 42.545712 14.014    7017372
294.86551 46.285851 15.127    9595827
295.67130 40.599060 14.041    5376836
294.99631 50.470058 14.952   12019440
294.35654 38.947380 11.432    3861595
286.80847 49.316399 11.338   11446443
296.83725 48.239944 13.303   10874614
297.59366 40.977268 14.463    5728139
299.56189 43.503559 15.257    7849854
286.11032 43.680962 14.309    7877496
288.25458 43.704868 14.221    7950644
294.19211 39.618999 13.308    4570949
296.81369 47.526611 14.588   10418224
296.39316 45.568562 15.272    9166862
298.77109 47.785412 16.605   10555365
285.37671 49.461712 14.335   11495989
282.96616 48.345070 14.804   10904857
293.09253 41.355518 14.412    6046540
298.39526 47.815010 14.141   10619192
281.28812 42.451080 13.563    6922244
292.18417 49.310040 15.414   11455795
290.35114 40.687000 14.545    5443837
295.34222 48.856152 13.586   11197853
299.40701 44.035053 13.369    8191672
296.50739 49.457291 14.152   11517719
291.09161 42.058479 15.424    6603756
292.24728 47.969521 10.463   10666592
290.82437 45.355019 15.323    9019191
285.26859 48.560009 12.394   11017901
288.58151 41.089809 12.885    5780885
291.17792 39.199490 12.598    4055765
295.02567 46.956001 14.879   10019708
300.88522 44.081329 17.054    8197176
292.17117 40.811378 12.538    5621125
297.59805 46.043770 13.814    9481235
286.24344 50.040379 13.438   11804465
298.38043 41.296391 12.224    5986270
299.70078 47.291752 13.056   10232123
282.93994 49.050289 11.466   11282568
295.83051 48.602261 15.949   11092783
288.18198 46.246181 14.992    9580167
281.59381 42.710011 13.819    7174617
294.96811 49.556511 14.698   11565544
293.83331 50.230350 15.334   11918099
294.54373 40.313862 15.601    5196864
294.01492 42.139191 14.336    6699368
292.95416 41.934799 15.357    6525946
295.82870 43.425491 14.915    7765528
281.77554 47.593250 14.371   10384962
298.89673 40.578529 11.378    5391911
295.18893 45.406170 14.965    9098590
286.97119 46.868359 9.958    9941662
289.79077 48.448139 13.802   10971674
291.33719 40.558201 15.789    5360920
298.37384 40.618420 14.802    5474613
291.15738 48.861145 13.318   11189127
296.40448 44.367458 15.595    8379021
297.31314 46.448212 12.524    9724993
290.96622 51.504719 15.692   12557548
296.18344 47.358761 13.497   10285631
290.51895 45.235371 16.182    8949316
298.77756 44.119942 15.894    8256453
300.94186 44.023651 12.572    8197406
296.40375 39.722649 14.368    4673628
296.05042 42.113239 15.601    6707908
294.96027 40.986980 15.423    5716244
289.80521 46.491711 15.418    9705459
287.75916 40.657040 14.999    5436161
295.74899 44.374760 15.472    8376848
293.19507 39.907280 15.189    4840513
288.75073 47.490921 14.816   10332213
288.49567 42.695560 14.235    7107567
293.29440 41.035351 11.471    5795648
281.26013 42.403290 14.847    6922203
299.10281 47.377781 12.628   10295951
292.28732 43.197281 13.643    7529266
291.50122 47.747730 13.404   10534155
289.74249 39.267059 7.899    4150611
287.33041 41.974899 13.560    6509282
293.53900 44.494919 15.464    8435247
293.74011 48.011501 15.706   10735988
284.87454 41.203651 15.264    5942093
297.79224 46.935829 12.655   10028352
284.66400 43.985020 14.569    8081482
291.55447 51.043201 14.169   12307496
290.01401 48.701832 14.864   11134079
298.71750 40.541969 12.075    5390913
296.55594 43.967758 12.450    8112013
294.36819 38.310280 15.279    3246984
296.41437 51.162006 13.085   12367464
284.12561 44.550571 14.952    8479107
294.99121 46.223572 14.538    9596187
286.65604 46.783543 12.960    9880467
288.85568 46.997261 13.710   10004772
288.75781 39.350571 13.311    4252322
294.24811 46.374008 13.805    9655129
290.14914 50.239178 13.579   11911561
298.21118 40.512501 14.684    5388229
284.69968 46.375092 14.106    9635520
296.06625 42.768219 14.519    7215678
283.57010 43.736118 14.500    7941635
296.14655 39.396938 13.749    4282390
294.02820 46.201771 15.210    9593528
294.27921 43.719849 13.943    7967100
294.88351 41.800461 14.726    6452742
286.55112 42.234798 13.672    6762188
298.65833 41.138882 15.149    5903301
297.43201 47.128551 15.132   10157573
296.18478 43.980751 14.463    8110757
285.06335 44.167885 13.623    8218274
291.10974 47.615490 14.319   10468514
295.21661 50.084332 12.087   11820830
297.27325 40.136761 13.469    5033823
296.00699 40.295429 15.202    5115978
300.99487 45.078861 12.372    8848104
294.58066 46.610592 16.303    9837828
291.97943 44.695160 13.560    8560475
289.93927 41.502659 13.579    6199056
299.85965 40.563950 13.493    5397166
301.47577 44.319759 13.501    8397675
300.92484 44.249680 16.494    8330207
299.32156 40.265339 11.598    5131276
286.01920 48.866741 7.748   11180361
295.90744 43.385979 13.142    7695445
292.71964 48.852016 10.523   11192141
290.81393 39.819061 14.554    4743508
298.91162 46.586578 13.388    9790965
