   3246984    3246885
   3247268    3247138
   3642741    3541800
   4282390    4282490
   4664847    4664749
   4833421    4833481
   5008245    5008245
   5008245    5008287
   5131276    5131367
   5131276    5131160
   5391911    5391720
   5397166    5397064
   5903301    5903301
   5903301    5903162
   5903301    5903301
   6046540    6046540
   6305192    6305162
   6305192    6305108
   6383785    6383932
   6392727    6392670
   6507433    6507427
   7107567    7107567
   7368664    7368664
   7849854    7849950
   8191672    8191672
   8197176    8197270
   8197176    8197019
   8197176    8197017
   8255887    8255799
   8260218    8260218
   8330207    8330218
   8332521    8332645
   9481235    9481260
   9595686    9595686
   9595827    9595724
   9595827    9595827
   9941662    9941662
  10157573   10157506
  10157573   10157506
  10221013   10221025
  10285631   10285596
  10788461   10788476
  11189127   11189077
  11189127   11189107
  11189127   11189117
  11904734   11904777
